# k-linearization source indices generated by tools/generate_klinear_map.py
# ascan_len: 1600
# correction_rms_samples: 98.4134143
# correction_max_abs_samples: 147.495304
5.000000000
9.431963177
13.642006678
17.660665841
21.513020728
25.219861472
28.796673705
32.257160126
35.612760363
38.873887154
42.047736330
45.141135879
48.161104556
51.113008018
54.001686004
56.830324208
59.603755710
62.325647232
64.999319831
67.625431986
70.208987427
72.751028808
75.254023184
77.719823540
80.150498569
82.546888772
84.911894474
87.245355420
89.549473651
91.825796440
94.074937547
96.297495927
98.495288018
100.669169099
102.819954258
104.948420723
107.055048093
109.140669885
111.206202317
113.252284397
115.279527205
117.288515408
119.279808660
121.253942924
123.211431708
125.152767225
127.078421479
128.988801433
130.884010238
132.764795410
134.631561177
136.484695888
138.324572782
140.151550711
141.965845770
143.767308504
145.556842765
147.334758524
149.101354285
150.856403357
152.600310897
154.333714363
156.056872956
157.769243218
159.471650662
161.164527872
162.847591465
164.521004802
166.185537587
167.840877358
169.487124821
171.125083428
172.754161778
174.374916038
175.987883585
177.592091667
179.188885736
180.777751743
182.358941317
183.932983082
185.499144566
187.058648810
188.610502474
190.155802370
191.693975317
193.225577705
194.750479322
196.268866742
197.780889151
199.286521245
200.786040228
202.279355044
203.766730900
205.248146111
206.723724467
208.193638504
209.657751071
211.116544192
212.569509472
214.017544752
215.459668706
216.897034595
218.328869641
219.755810677
221.177726435
222.594520860
224.006827906
225.413743398
226.816300151
228.214033000
229.607076499
230.995912435
232.379696489
233.759366192
235.134662250
236.505397432
237.872166774
239.234480114
240.592632757
241.946951959
243.296817824
244.642822510
245.985120008
247.323044232
248.657314721
249.987998491
251.314459408
252.637389891
253.956848677
255.272298896
256.584265157
257.892869611
259.197737651
260.499098149
261.797201889
263.091893696
264.382990569
265.670931168
266.955744179
268.236991517
269.515091414
270.790158702
272.062100580
273.330667938
274.596293651
275.859003790
277.118600207
278.375075231
279.628720797
280.879561639
282.127387157
283.372242961
284.614375637
285.853808671
287.090402240
288.324086590
289.555148674
290.783610809
292.009478356
293.232415372
294.452825871
295.670731080
296.886151990
298.098939602
299.309095775
300.516836600
301.722182060
302.925151923
304.125556050
305.323504999
306.519143163
307.712489375
308.903562271
310.092230336
311.278510876
312.462579085
313.644452732
314.824149401
316.001683827
317.176802612
318.349801862
319.520698358
320.689508708
321.856249353
323.020904487
324.183306424
325.343692238
326.502077633
327.658478154
328.812909190
329.965385978
331.115752168
332.264147508
333.410638124
334.555238585
335.697963317
336.838826602
337.977842584
339.114861055
340.250032631
341.383402755
342.514984964
343.644792664
344.772839134
345.899137524
347.023668193
348.146340941
349.267308125
350.386582343
351.504176074
352.620101682
353.734371413
354.846997399
355.957991657
357.067277220
358.174902468
359.280934698
360.385385437
361.488266107
362.589588024
363.689362399
364.787600343
365.884312864
366.979510871
368.073113131
369.165199420
370.255806183
371.344943895
372.432622938
373.518853599
374.603646075
375.687010473
376.768956808
377.849495008
378.928634913
380.006378656
381.082660456
382.157575373
383.231132868
384.303342321
385.374213027
386.443754204
387.511974988
388.578884437
389.644491530
390.708805171
391.771834185
392.833587323
393.894073262
394.953300605
396.011265333
397.067938212
398.123379774
399.177598306
400.230602020
401.282399064
402.332997516
403.382405386
404.430630619
405.477681092
406.523564620
407.568288950
408.611861767
409.654290692
410.695583285
411.735747043
412.774789401
413.812717736
414.849539361
415.885261534
416.919891452
417.953436253
418.985903020
420.017281460
421.047583021
422.076828769
423.105025539
424.132180113
425.158299217
426.183389527
427.207457662
428.230510194
429.252553638
430.273594463
431.293639083
432.312693865
433.330765125
434.347859131
435.363982100
436.379140205
437.393339567
438.406586262
439.418886320
440.430245724
441.440670410
442.450166271
443.458739154
444.466394860
445.473139150
446.478977736
447.483916293
448.487960447
449.491115788
450.493387858
451.494782163
452.495304163
453.494959282
454.493752899
455.491690358
456.488776959
457.485017966
458.480418602
459.474984053
460.468719467
461.461629954
462.453720586
463.444996399
464.435462392
465.425123527
466.413984732
467.402050898
468.389326880
469.375817500
470.361527545
471.346461766
472.330624881
473.314021576
474.296656502
475.278534276
476.259659484
477.240036680
478.219670385
479.198565087
480.176725245
481.154155284
482.130859601
483.106842560
484.082108496
485.056661712
486.030506485
487.003647057
487.976070015
488.947794152
489.918826337
490.889170708
491.858831375
492.827812420
493.796117897
494.763751832
495.730718225
496.697021048
497.662664245
498.627651735
499.591987410
500.555675136
501.518718752
502.481122074
503.442888890
504.404022963
505.364528032
506.324407810
507.283665987
508.242306227
509.200332171
510.157747435
511.114555612
512.070760272
513.026364961
513.981361051
514.935746810
515.889543001
516.842753083
517.795380495
518.747428654
519.698900954
520.649800766
521.600131443
522.549896312
523.499098683
524.447741841
525.395829053
526.343363563
527.290348597
528.236787358
529.182683030
530.128038778
531.072857744
532.017143054
532.960874556
533.904068362
534.846737790
535.788885889
536.730515695
537.671630219
538.612232459
539.552325389
540.491911970
541.430995140
542.369577822
543.307662920
544.245253322
545.182351895
546.118961491
547.055084944
547.990719952
548.925843973
549.860490350
550.794661852
551.728361232
552.661591228
553.594354559
554.526653930
555.458492029
556.389871528
557.320795082
558.251265332
559.181284904
560.110856405
561.039982430
561.968649457
562.896855654
563.824624221
564.751957697
565.678858601
566.605329442
567.531372712
568.456990889
569.382186436
570.306961804
571.231319426
572.155261725
573.078791108
574.001909968
574.924584503
575.846852540
576.768717355
577.690181290
578.611246674
579.531915822
580.452191037
581.372074608
582.291568810
583.210675909
584.129398155
585.047737786
585.965681506
586.883225564
587.800393883
588.717188653
589.633612053
590.549666250
591.465353398
592.380675640
593.295635108
594.210233921
595.124474186
596.038358000
596.951866954
597.865007445
598.777797968
599.690240575
600.602337308
601.514090196
602.425501261
603.336572510
604.247305941
605.157703542
606.067767289
606.977490088
607.886855796
608.795893799
609.704606036
610.612994430
611.521060898
612.428807346
613.336235669
614.243347752
615.150145472
616.056630695
616.962791139
617.868621438
618.774145080
619.679363894
620.584279697
621.488894299
622.393209501
623.297227094
624.200948858
625.104376566
626.007511983
626.910324749
627.812846331
628.715081172
629.617031001
630.518697538
631.420082493
632.321187570
633.222014461
634.122564852
635.022840420
635.922816665
636.822513947
637.721941712
638.621101604
639.519995259
640.418624305
641.316990361
642.215095039
643.112939943
644.010526669
644.907827259
645.804869777
646.701659193
647.598197071
648.494484968
649.390524434
650.286317011
651.181864235
652.077167633
652.972220265
653.867008785
654.761558358
655.655870484
656.549946652
657.443788346
658.337397045
659.230774216
660.123921324
661.016839823
661.909505191
662.801940321
663.694151517
664.586140206
665.477907811
666.369455747
667.260785421
668.151898236
669.042795588
669.933460774
670.823901900
671.714132060
672.604152624
673.493964953
674.383570406
675.272970332
676.162166075
677.051158975
677.939934917
678.828497776
679.716862122
680.605029267
681.493000519
682.380777181
683.268360546
684.155751906
685.042952544
685.929946732
686.816742597
687.703351913
688.589775938
689.476015929
690.362073134
691.247948797
692.133644156
693.019160444
693.904477035
694.789612942
695.674573797
696.559360812
697.443975191
698.328418134
699.212690835
700.096794484
700.980726086
701.864470197
702.748049147
703.631464104
704.514716231
705.397806686
706.280736620
707.163507183
708.046119518
708.928560220
709.810835854
710.692957011
711.574924814
712.456740381
713.338404824
714.219919252
715.101284767
715.982499107
716.863547448
717.744450511
718.625209380
719.505825134
720.386298849
721.266631595
722.146824437
723.026878437
723.906777914
724.786536138
725.666159026
726.545647621
727.425002960
728.304226079
729.183318006
730.062279767
730.941102442
731.819786729
732.698344247
733.576776003
734.455083001
735.333266240
736.211326715
737.089265418
737.967078126
738.844757111
739.722317615
740.599760612
741.477087072
742.354297961
743.231394241
744.108376869
744.985244616
745.861984756
746.738614435
747.615134593
748.491546170
749.367850098
750.244047309
751.120138728
751.996124744
752.871990392
753.747753340
754.623414499
755.498974775
756.374435072
757.249796288
758.125059321
759.000225062
759.875278573
760.750236869
761.625100857
762.499871415
763.374549417
764.249135732
765.123631228
765.998036534
766.872338219
767.746551988
768.620678693
769.494719183
770.368674304
771.242544895
772.116331797
772.990034752
773.863643111
774.737170595
775.610618028
776.483986230
777.357276020
778.230488211
779.103623614
779.976680695
780.849652368
781.722549981
782.595374333
783.468126216
784.340806423
785.213415740
786.085954953
786.958421029
787.830810877
788.703133264
789.575388962
790.447578739
791.319703360
792.191763588
793.063760181
793.935688546
794.807549705
795.679349792
796.551089553
797.422769730
798.294391065
799.165954295
800.037460154
800.908902549
801.780286481
802.651615523
803.522890398
804.394111825
805.265280520
806.136397197
807.007462567
807.878469211
808.749425743
809.620333370
810.491192792
811.362004704
812.232769798
813.103488764
813.974160738
814.844781900
815.715359272
816.585893532
817.456385354
818.326835411
819.197244374
820.067612910
820.937938425
821.808221492
822.678466394
823.548673786
824.418844322
825.288978651
826.159077422
827.029141280
827.899166318
828.769156650
829.639114257
830.509039774
831.378933830
832.248797056
833.118630077
833.988433067
834.858202617
835.727944088
836.597658095
837.467345249
838.337006162
839.206641440
840.076251688
840.945835778
841.815393782
842.684928812
843.554441460
844.423932319
845.293401978
846.162851024
847.032280041
847.901687131
848.771074754
849.640444334
850.509796444
851.379131654
852.248450534
853.117753650
853.987041312
854.856312156
855.725569161
856.594812882
857.464043873
858.333262686
859.202469868
860.071665968
860.940850741
861.810024733
862.679189498
863.548345572
864.417493490
865.286633783
866.155766980
867.024893609
867.894013430
868.763127753
869.632237298
870.501342580
871.370444115
872.239542414
873.108637987
873.977731295
874.846822783
875.715913279
876.585003280
877.454093285
878.323183789
879.192275284
880.061368263
880.930463459
881.799561491
882.668662672
883.537767483
884.406876403
885.275989907
886.145108471
887.014232566
887.883363715
888.752501650
889.621646718
890.490799381
891.359960099
892.229129330
893.098307529
893.967495589
894.836694974
895.705904872
896.575125729
897.444357989
898.313602094
899.182858481
900.052127589
900.921411313
901.790709744
902.660022376
903.529349637
904.398691952
905.268049745
906.137423436
907.006813443
907.876223086
908.745650208
909.615095065
910.484558066
911.354039618
912.223540125
913.093059990
913.962600639
914.832164106
915.701748293
916.571353594
917.440980400
918.310629099
919.180300077
920.049993720
920.919712967
921.789457363
922.659225723
923.529018423
924.398835833
925.268678326
926.138546269
927.008440029
927.878364359
928.748315684
929.618294063
930.488299853
931.358333408
932.228395081
933.098485223
933.968605423
934.838758767
935.708941761
936.579154747
937.449398063
938.319672046
939.189977030
940.060313348
940.930684334
941.801090029
942.671528178
943.541999103
944.412503125
945.283040562
946.153611731
947.024216947
947.894861456
948.765541885
949.636257418
950.507008359
951.377795011
952.248617674
953.119476648
953.990372708
954.861311686
955.732287976
956.603301867
957.474353645
958.345443595
959.216572000
960.087739140
960.958947472
961.830199817
962.701491837
963.572823802
964.444195981
965.315608640
966.187062044
967.058556456
967.930096049
968.801680525
969.673306885
970.544975381
971.416686263
972.288439780
973.160236179
974.032075703
974.903964237
975.775898345
976.647876391
977.519898609
978.391965234
979.264076493
980.136232616
981.008433829
981.880687666
982.752987637
983.625333448
984.497725313
985.370163448
986.242648063
987.115179369
987.987758348
988.860391760
989.733072555
990.605800934
991.478577095
992.351401234
993.224273542
994.097194213
994.970165386
995.843191694
996.716266993
997.589391465
998.462565289
999.335788642
1000.209061698
1001.082384630
1001.955760586
1002.829192342
1003.702674539
1004.576207340
1005.449790905
1006.323425393
1007.197110959
1008.070847758
1008.944639760
1009.818488220
1010.692388413
1011.566340483
1012.440344571
1013.314400817
1014.188509357
1015.062670327
1015.936888306
1016.811163425
1017.685491409
1018.559872383
1019.434306470
1020.308793788
1021.183334458
1022.057928594
1022.932581143
1023.807291565
1024.682055823
1025.556874022
1026.431746266
1027.306672657
1028.181653293
1029.056688270
1029.931782644
1030.806935689
1031.682143380
1032.557405801
1033.432723039
1034.308095173
1035.183522284
1036.059004449
1036.934546554
1037.810148213
1038.685805162
1039.561517469
1040.437285198
1041.313108411
1042.188987167
1043.064921525
1043.940915917
1044.816970837
1045.693081529
1046.569248038
1047.445470411
1048.321748688
1049.198082911
1050.074473117
1050.950922995
1051.827434471
1052.704002032
1053.580625705
1054.457305515
1055.334041485
1056.210833634
1057.087681980
1057.964589180
1058.841559141
1059.718585334
1060.595667765
1061.472806438
1062.350001357
1063.227252520
1064.104559926
1064.981924916
1065.859353916
1066.736839125
1067.614380528
1068.491978109
1069.369631851
1070.247341734
1071.125107733
1072.002929824
1072.880816813
1073.758760033
1074.636759232
1075.514814375
1076.392925422
1077.271092332
1078.149315062
1079.027593566
1079.905934714
1080.784333540
1081.662787958
1082.541297911
1083.419863339
1084.298484180
1085.177160371
1086.055891843
1086.934683281
1087.813533896
1088.692439542
1089.571400140
1090.450415609
1091.329485866
1092.208610827
1093.087790402
1093.967026868
1094.846324034
1095.725675491
1096.605081142
1097.484540884
1098.364054614
1099.243622224
1100.123243606
1101.002918648
1101.882655484
1102.762445902
1103.642289578
1104.522186387
1105.402136205
1106.282138903
1107.162194352
1108.042302417
1108.922468296
1109.802689378
1110.682962602
1111.563287824
1112.443664896
1113.324093669
1114.204573991
1115.085105707
1115.965690960
1116.846332952
1117.727025791
1118.607769311
1119.488563343
1120.369407716
1121.250302256
1122.131246786
1123.012241128
1123.893292014
1124.774393067
1125.655543302
1126.536742530
1127.417990557
1128.299287187
1129.180632222
1130.062025461
1130.943470237
1131.824966627
1132.706510519
1133.588101700
1134.469739955
1135.351425067
1136.233156815
1137.114934976
1137.996759519
1138.878636884
1139.760559886
1140.642528292
1141.524541863
1142.406600359
1143.288703539
1144.170851156
1145.053042964
1145.935282403
1146.817568478
1147.699897884
1148.582270363
1149.464685652
1150.347143486
1151.229643597
1152.112185716
1152.994769853
1153.877401462
1154.760074147
1155.642787626
1156.525541613
1157.408335821
1158.291169960
1159.174043739
1160.056956861
1160.939912061
1161.822908796
1162.705943860
1163.589016944
1164.472127739
1165.355275933
1166.238461211
1167.121683255
1168.004941745
1168.888241560
1169.771577283
1170.654948353
1171.538354438
1172.421795202
1173.305270308
1174.188779415
1175.072322182
1175.955900152
1176.839514098
1177.723160530
1178.606839092
1179.490549427
1180.374291175
1181.258063973
1182.141867457
1183.025701258
1183.909568474
1184.793466128
1185.677392841
1186.561348235
1187.445331925
1188.329343527
1189.213382653
1190.097448912
1190.981542543
1191.865665766
1192.749814791
1193.633989215
1194.518188633
1195.402412637
1196.286660817
1197.170932760
1198.055228051
1198.939548032
1199.823892015
1200.708257930
1201.592645350
1202.477053844
1203.361482979
1204.245932321
1205.130401431
1206.014889869
1206.899399584
1207.783927942
1208.668474129
1209.553037692
1210.437618177
1211.322215126
1212.206828078
1213.091456571
1213.976100589
1214.860760839
1215.745435057
1216.630122768
1217.514823496
1218.399536760
1219.284262079
1220.168998966
1221.053746935
1221.938506291
1222.823276308
1223.708055752
1224.592844123
1225.477640920
1226.362445638
1227.247257770
1228.132076807
1229.016902236
1229.901734206
1230.786571482
1231.671413413
1232.556259477
1233.441109148
1234.325961896
1235.210817191
1236.095674498
1236.980533302
1237.865393036
1238.750252973
1239.635112570
1240.519971278
1241.404828547
1242.289683825
1243.174536555
1244.059386181
1244.944231826
1245.829072757
1246.713908696
1247.598739073
1248.483563316
1249.368380852
1250.253191104
1251.137993493
1252.022787439
1252.907571181
1253.792344831
1254.677108070
1255.561860305
1256.446600943
1257.331329384
1258.216045030
1259.100747279
1259.985435248
1260.870106559
1261.754762436
1262.639402266
1263.524025434
1264.408631322
1265.293219310
1266.177788777
1267.062339097
1267.946868223
1268.831375115
1269.715860747
1270.600324484
1271.484765687
1272.369183718
1273.253577933
1274.137947689
1275.022292339
1275.906607999
1276.790896270
1277.675157246
1278.559390269
1279.443594681
1280.327769819
1281.211915020
1282.096029618
1282.980112115
1283.864158516
1284.748172059
1285.632152069
1286.516097867
1287.400008772
1288.283884102
1289.167723172
1290.051525294
1290.935286532
1291.819006661
1292.702687516
1293.586328401
1294.469928616
1295.353487461
1296.237004234
1297.120478227
1298.003908735
1298.887288410
1299.770622692
1300.653911092
1301.537152894
1302.420347379
1303.303493826
1304.186591512
1305.069639713
1305.952634541
1306.835573589
1307.718460696
1308.601295127
1309.484076146
1310.366803017
1311.249474999
1312.132091350
1313.014651329
1313.897146374
1314.779582178
1315.661959085
1316.544276345
1317.426533204
1318.308728904
1319.190862690
1320.072933802
1320.954937680
1321.836871010
1322.718739087
1323.600541144
1324.482276410
1325.363944114
1326.245543484
1327.127073745
1328.008534122
1328.889913483
1329.771220310
1330.652454612
1331.533615605
1332.414702504
1333.295714520
1334.176650865
1335.057510748
1335.938287035
1336.818979125
1337.699592061
1338.580125047
1339.460577280
1340.340947962
1341.221236290
1342.101441458
1342.981560603
1343.861583451
1344.741520398
1345.621370634
1346.501133347
1347.380807722
1348.260392944
1349.139888197
1350.019292663
1350.898593128
1351.777798501
1352.656910293
1353.535927679
1354.414849834
1355.293675930
1356.172405140
1357.051036635
1357.929560311
1358.807977618
1359.686294370
1360.564509732
1361.442622867
1362.320632938
1363.198539107
1364.076340532
1364.954029883
1365.831601779
1366.709066051
1367.586421854
1368.463668342
1369.340804668
1370.217829983
1371.094743438
1371.971539885
1372.848208232
1373.724761799
1374.601199732
1375.477521175
1376.353725274
1377.229811170
1378.105778007
1378.981621967
1379.857327896
1380.732911809
1381.608372844
1382.483710139
1383.358922829
1384.234010052
1385.108970941
1385.983801859
1386.858485831
1387.733040481
1388.607464940
1389.481758339
1390.355919807
1391.229948474
1392.103843469
1392.977599855
1393.851201730
1394.724666914
1395.597994533
1396.471183712
1397.344233575
1398.217143247
1399.089911852
1399.962531320
1400.834990422
1401.707305412
1402.579475410
1403.451499538
1404.323376916
1405.195106665
1406.066687905
1406.938107209
1407.809362398
1408.680466009
1409.551417161
1410.422214970
1411.292858556
1412.163347035
1413.033679527
1413.903834606
1414.773824349
1415.643655015
1416.513325720
1417.382835581
1418.252183713
1419.121369233
1419.990389115
1420.859217276
1421.727879723
1422.596375568
1423.464703928
1424.332863920
1425.200854658
1426.068675261
1426.936309922
1427.803756232
1428.671029287
1429.538128204
1430.405052100
1431.271800091
1432.138371294
1433.004764828
1433.870948109
1434.736950313
1435.602771719
1436.468411446
1437.333868612
1438.199142337
1439.064231740
1439.929117829
1440.793801033
1441.658296782
1442.522604195
1443.386722394
1444.250650502
1445.114387640
1445.977927073
1446.841243089
1447.704364999
1448.567291927
1449.430022998
1450.292557338
1451.154894073
1452.017032333
1452.878937675
1453.740637579
1454.602135870
1455.463431679
1456.324524135
1457.185412370
1458.046095519
1458.906545845
1459.766775637
1460.626797208
1461.486609694
1462.346212232
1463.205603960
1464.064784018
1464.923728828
1465.782440508
1466.640937390
1467.499218617
1468.357283331
1469.215130680
1470.072759811
1470.930148335
1471.787294061
1472.644218448
1473.500920648
1474.357399813
1475.213655097
1476.069685656
1476.925466882
1477.780999014
1478.636303313
1479.491378939
1480.346225053
1481.200840819
1482.055225403
1482.909348103
1483.763219255
1484.616856132
1485.470257904
1486.323423742
1487.176352820
1488.029044315
1488.881457075
1489.733620165
1490.585542595
1491.437223549
1492.288662209
1493.139857761
1493.990806181
1494.841460641
1495.691868934
1496.542030252
1497.391943789
1498.241608742
1499.091024308
1499.940168143
1500.789027727
1501.637634890
1502.485988837
1503.334088774
1504.181933913
1505.029523465
1505.876810928
1506.723829672
1507.570589820
1508.417090592
1509.263331210
1510.109310898
1510.955011773
1511.800408117
1512.645540546
1513.490408293
1514.335010592
1515.179346682
1516.023415802
1516.867165197
1517.710636297
1518.553837475
1519.396767979
1520.239427061
1521.081813975
1521.923897477
1522.765673976
1523.607175383
1524.448400960
1525.289349975
1526.130021696
1526.970403256
1527.810452243
1528.650221042
1529.489708933
1530.328915196
1531.167839118
1532.006479984
1532.844771656
1533.682775404
1534.520493243
1535.357924471
1536.195068390
1537.031924302
1537.868434811
1538.704641478
1539.540557322
1540.376181655
1541.211513797
1542.046553069
1542.881246477
1543.715624477
1544.549706824
1545.383492852
1546.216981897
1547.050173297
1547.883013736
1548.715531943
1549.547749764
1550.379666549
1551.211281652
1552.042594432
1552.873546111
1553.704173891
1554.534496646
1555.364513746
1556.194224566
1557.023628482
1557.852655707
1558.681362935
1559.509760602
1560.337848097
1561.165624813
1561.993086850
1562.820157336
1563.646914424
1564.473357518
1565.299486029
1566.125299371
1566.950772991
1567.775868651
1568.600646567
1569.425106167
1570.249246881
1571.073068144
1571.896517999
1572.719610269
1573.542380563
1574.364828329
1575.186953021
1576.008754094
1576.830144986
1577.651205900
1578.471940721
1579.292348921
1580.112429974
1580.932148462
1581.751480254
1582.570482467
1583.389154590
1584.207496117
1585.025506545
1585.843103138
1586.660353421
1587.477270227
1588.293853069
1589.110101463
1589.925975547
1590.741454930
1591.556597533
1592.371402887
1593.185870529
1594.000000000
